-0.323290,0.000000,0.946300,0.000000,1.000000,0.000000,-0.946300,0.000000,-0.323290,0.596156,0.000000,0.194555,0.000000
-0.323290,0.000000,0.946300,0.000000,1.000000,0.000000,-0.946300,0.000000,-0.323290,0.596156,0.000000,0.194555,0.000000
-0.323290,0.000000,0.946300,0.000000,1.000000,0.000000,-0.946300,0.000000,-0.323290,0.596157,0.000001,0.194554,0.000000
-0.323290,0.000000,0.946300,0.000000,1.000000,0.000000,-0.946300,0.000000,-0.323290,0.596157,0.000003,0.194554,0.000000
-0.323290,0.000000,0.946300,0.000000,1.000000,0.000000,-0.946300,0.000000,-0.323290,0.596158,0.000005,0.194554,0.000000
-0.323291,0.000000,0.946300,0.000000,1.000000,0.000000,-0.946300,0.000000,-0.323291,0.596160,0.000008,0.194554,0.000000
-0.323291,0.000000,0.946300,0.000000,1.000000,0.000000,-0.946300,0.000000,-0.323291,0.596161,0.000012,0.194553,0.000000
-0.323292,0.000000,0.946299,0.000000,1.000000,0.000000,-0.946299,0.000000,-0.323292,0.596163,0.000016,0.194553,0.000000
-0.323292,0.000000,0.946299,0.000000,1.000000,0.000000,-0.946299,0.000000,-0.323292,0.596165,0.000021,0.194552,0.000000
-0.323293,0.000000,0.946299,0.000000,1.000000,0.000000,-0.946299,0.000000,-0.323293,0.596167,0.000027,0.194552,0.000000
-0.323294,0.000000,0.946299,0.000000,1.000000,0.000000,-0.946299,0.000000,-0.323294,0.596170,0.000033,0.194551,0.000000
-0.323295,0.000000,0.946298,0.000000,1.000000,0.000000,-0.946298,0.000000,-0.323295,0.596172,0.000040,0.194550,0.000000
-0.323296,0.000000,0.946298,0.000000,1.000000,0.000000,-0.946298,0.000000,-0.323296,0.596176,0.000048,0.194549,0.000000
-0.323297,0.000000,0.946298,0.000000,1.000000,0.000000,-0.946298,0.000000,-0.323297,0.596179,0.000056,0.194548,0.000000
-0.323298,0.000000,0.946297,0.000000,1.000000,0.000000,-0.946297,0.000000,-0.323298,0.596182,0.000065,0.194547,0.000000
-0.323299,0.000000,0.946297,0.000000,1.000000,0.000000,-0.946297,0.000000,-0.323299,0.596186,0.000075,0.194546,0.000000
-0.323300,0.000000,0.946296,0.000000,1.000000,0.000000,-0.946296,0.000000,-0.323300,0.596191,0.000085,0.194545,0.000000
-0.323302,0.000000,0.946296,0.000000,1.000000,0.000000,-0.946296,0.000000,-0.323302,0.596195,0.000096,0.194544,0.000000
-0.323303,0.000000,0.946295,0.000000,1.000000,0.000000,-0.946295,0.000000,-0.323303,0.596200,0.000108,0.194543,0.000000
-0.323305,0.000000,0.946295,0.000000,1.000000,0.000000,-0.946295,0.000000,-0.323305,0.596205,0.000120,0.194541,0.000000
-0.323307,0.000000,0.946294,0.000000,1.000000,0.000000,-0.946294,0.000000,-0.323307,0.596210,0.000133,0.194540,0.000000
-0.323308,0.000000,0.946294,0.000000,1.000000,0.000000,-0.946294,0.000000,-0.323308,0.596215,0.000146,0.194539,0.000000
-0.323310,0.000000,0.946293,0.000000,1.000000,0.000000,-0.946293,0.000000,-0.323310,0.596221,0.000161,0.194537,0.000000
-0.323312,0.000000,0.946292,0.000000,1.000000,0.000000,-0.946292,0.000000,-0.323312,0.596227,0.000176,0.194535,0.000000
-0.323314,0.000000,0.946292,0.000000,1.000000,0.000000,-0.946292,0.000000,-0.323314,0.596233,0.000191,0.194534,0.000000
-0.323316,0.000000,0.946291,0.000000,1.000000,0.000000,-0.946291,0.000000,-0.323316,0.596240,0.000207,0.194532,0.000000
-0.323318,0.000000,0.946290,0.000000,1.000000,0.000000,-0.946290,0.000000,-0.323318,0.596247,0.000224,0.194530,0.000000
-0.323321,0.000000,0.946290,0.000000,1.000000,0.000000,-0.946290,0.000000,-0.323321,0.596254,0.000242,0.194528,0.000000
-0.323323,0.000000,0.946289,0.000000,1.000000,0.000000,-0.946289,0.000000,-0.323323,0.596261,0.000260,0.194526,0.000000
-0.323325,0.000000,0.946288,0.000000,1.000000,0.000000,-0.946288,0.000000,-0.323325,0.596269,0.000279,0.194524,0.000000
-0.323328,0.000000,0.946287,0.000000,1.000000,0.000000,-0.946287,0.000000,-0.323328,0.596277,0.000298,0.194522,0.000000
-0.323330,0.000000,0.946286,0.000000,1.000000,0.000000,-0.946286,0.000000,-0.323330,0.596285,0.000318,0.194520,0.000000
-0.323333,0.000000,0.946285,0.000000,1.000000,0.000000,-0.946285,0.000000,-0.323333,0.596293,0.000339,0.194517,0.000000
-0.323336,0.000000,0.946284,0.000000,1.000000,0.000000,-0.946284,0.000000,-0.323336,0.596302,0.000361,0.194515,0.000000
-0.323339,0.000000,0.946283,0.000000,1.000000,0.000000,-0.946283,0.000000,-0.323339,0.596311,0.000383,0.194513,0.000000
-0.323342,0.000000,0.946282,0.000000,1.000000,0.000000,-0.946282,0.000000,-0.323342,0.596320,0.000405,0.194510,0.000000
-0.323345,0.000000,0.946281,0.000000,1.000000,0.000000,-0.946281,0.000000,-0.323345,0.596329,0.000429,0.194508,0.000000
-0.323348,0.000000,0.946280,0.000000,1.000000,0.000000,-0.946280,0.000000,-0.323348,0.596339,0.000453,0.194505,0.000000
-0.323351,0.000000,0.946279,0.000000,1.000000,0.000000,-0.946279,0.000000,-0.323351,0.596349,0.000478,0.194502,0.000000
-0.323354,0.000000,0.946278,0.000000,1.000000,0.000000,-0.946278,0.000000,-0.323354,0.596359,0.000503,0.194499,0.000000
-0.323357,0.000000,0.946277,0.000000,1.000000,0.000000,-0.946277,0.000000,-0.323357,0.596370,0.000529,0.194497,0.000000
-0.323361,0.000000,0.946276,0.000000,1.000000,0.000000,-0.946276,0.000000,-0.323361,0.596381,0.000556,0.194494,0.000000
-0.323364,0.000000,0.946275,0.000000,1.000000,0.000000,-0.946275,0.000000,-0.323364,0.596392,0.000583,0.194491,0.000000
-0.323368,0.000000,0.946273,0.000000,1.000000,0.000000,-0.946273,0.000000,-0.323368,0.596403,0.000611,0.194488,0.000000
-0.323372,0.000000,0.946272,0.000000,1.000000,0.000000,-0.946272,0.000000,-0.323372,0.596414,0.000639,0.194485,0.000000
-0.323375,0.000000,0.946271,0.000000,1.000000,0.000000,-0.946271,0.000000,-0.323375,0.596426,0.000669,0.194481,0.000000
-0.323379,0.000000,0.946270,0.000000,1.000000,0.000000,-0.946270,0.000000,-0.323379,0.596438,0.000699,0.194478,0.000000
-0.323383,0.000000,0.946268,0.000000,1.000000,0.000000,-0.946268,0.000000,-0.323383,0.596451,0.000729,0.194475,0.000000
-0.323387,0.000000,0.946267,0.000000,1.000000,0.000000,-0.946267,0.000000,-0.323387,0.596463,0.000760,0.194471,0.000000
-0.323391,0.000000,0.946265,0.000000,1.000000,0.000000,-0.946265,0.000000,-0.323391,0.596476,0.000792,0.194468,0.000000
-0.323395,0.000000,0.946264,0.000000,1.000000,0.000000,-0.946264,0.000000,-0.323395,0.596489,0.000825,0.194464,0.000000
-0.323399,0.000000,0.946263,0.000000,1.000000,0.000000,-0.946263,0.000000,-0.323399,0.596503,0.000858,0.194461,0.000000
-0.323404,0.000000,0.946261,0.000000,1.000000,0.000000,-0.946261,0.000000,-0.323404,0.596516,0.000892,0.194457,0.000000
-0.323408,0.000000,0.946260,0.000000,1.000000,0.000000,-0.946260,0.000000,-0.323408,0.596530,0.000926,0.194453,0.000000
-0.323413,0.000000,0.946258,0.000000,1.000000,0.000000,-0.946258,0.000000,-0.323413,0.596544,0.000961,0.194449,0.000000
-0.323417,0.000000,0.946256,0.000000,1.000000,0.000000,-0.946256,0.000000,-0.323417,0.596559,0.000997,0.194445,0.000000
-0.323422,0.000000,0.946255,0.000000,1.000000,0.000000,-0.946255,0.000000,-0.323422,0.596573,0.001033,0.194441,0.000000
-0.323427,0.000000,0.946253,0.000000,1.000000,0.000000,-0.946253,0.000000,-0.323427,0.596588,0.001070,0.194437,0.000000
-0.323431,0.000000,0.946252,0.000000,1.000000,0.000000,-0.946252,0.000000,-0.323431,0.596603,0.001108,0.194433,0.000000
-0.323436,0.000000,0.946250,0.000000,1.000000,0.000000,-0.946250,0.000000,-0.323436,0.596619,0.001146,0.194429,0.000000
-0.323441,0.000000,0.946248,0.000000,1.000000,0.000000,-0.946248,0.000000,-0.323441,0.596635,0.001185,0.194425,0.000000
-0.323446,0.000000,0.946246,0.000000,1.000000,0.000000,-0.946246,0.000000,-0.323446,0.596651,0.001224,0.194420,0.000000
-0.323452,0.000000,0.946245,0.000000,1.000000,0.000000,-0.946245,0.000000,-0.323452,0.596667,0.001265,0.194416,0.000000
-0.323457,0.000000,0.946243,0.000000,1.000000,0.000000,-0.946243,0.000000,-0.323457,0.596683,0.001305,0.194412,0.000000
-0.323462,0.000000,0.946241,0.000000,1.000000,0.000000,-0.946241,0.000000,-0.323462,0.596700,0.001347,0.194407,0.000000
-0.323468,0.000000,0.946239,0.000000,1.000000,0.000000,-0.946239,0.000000,-0.323468,0.596717,0.001389,0.194402,0.000000
-0.323473,0.000000,0.946237,0.000000,1.000000,0.000000,-0.946237,0.000000,-0.323473,0.596734,0.001432,0.194398,0.000000
-0.323479,0.000000,0.946235,0.000000,1.000000,0.000000,-0.946235,0.000000,-0.323479,0.596752,0.001475,0.194393,0.000000
-0.323484,0.000000,0.946234,0.000000,1.000000,0.000000,-0.946234,0.000000,-0.323484,0.596770,0.001519,0.194388,0.000000
-0.323490,0.000000,0.946232,0.000000,1.000000,0.000000,-0.946232,0.000000,-0.323490,0.596788,0.001564,0.194383,0.000000
-0.323496,0.000000,0.946230,0.000000,1.000000,0.000000,-0.946230,0.000000,-0.323496,0.596806,0.001609,0.194378,0.000000
-0.323502,0.000000,0.946228,0.000000,1.000000,0.000000,-0.946228,0.000000,-0.323502,0.596824,0.001655,0.194373,0.000000
-0.323508,0.000000,0.946226,0.000000,1.000000,0.000000,-0.946226,0.000000,-0.323508,0.596843,0.001701,0.194368,0.000000
-0.323514,0.000000,0.946224,0.000000,1.000000,0.000000,-0.946224,0.000000,-0.323514,0.596862,0.001749,0.194363,0.000000
-0.323520,0.000000,0.946221,0.000000,1.000000,0.000000,-0.946221,0.000000,-0.323520,0.596882,0.001797,0.194358,0.000000
-0.323526,0.000000,0.946219,0.000000,1.000000,0.000000,-0.946219,0.000000,-0.323526,0.596901,0.001845,0.194352,0.000000
-0.323532,0.000000,0.946217,0.000000,1.000000,0.000000,-0.946217,0.000000,-0.323532,0.596921,0.001894,0.194347,0.000000
-0.323539,0.000000,0.946215,0.000000,1.000000,0.000000,-0.946215,0.000000,-0.323539,0.596941,0.001944,0.194342,0.000000
-0.323545,0.000000,0.946213,0.000000,1.000000,0.000000,-0.946213,0.000000,-0.323545,0.596962,0.001994,0.194336,0.000000
-0.323552,0.000000,0.946211,0.000000,1.000000,0.000000,-0.946211,0.000000,-0.323552,0.596982,0.002045,0.194331,0.000000
-0.323558,0.000000,0.946208,0.000000,1.000000,0.000000,-0.946208,0.000000,-0.323558,0.597003,0.002097,0.194325,0.000000
-0.323565,0.000000,0.946206,0.000000,1.000000,0.000000,-0.946206,0.000000,-0.323565,0.597024,0.002149,0.194319,0.000000
-0.323572,0.000000,0.946204,0.000000,1.000000,0.000000,-0.946204,0.000000,-0.323572,0.597045,0.002202,0.194313,0.000000
-0.323579,0.000000,0.946201,0.000000,1.000000,0.000000,-0.946201,0.000000,-0.323579,0.597067,0.002255,0.194307,0.000000
-0.323585,0.000000,0.946199,0.000000,1.000000,0.000000,-0.946199,0.000000,-0.323585,0.597089,0.002310,0.194302,0.000000
-0.323593,0.000000,0.946197,0.000000,1.000000,0.000000,-0.946197,0.000000,-0.323593,0.597111,0.002364,0.194296,0.000000
-0.323600,0.000000,0.946194,0.000000,1.000000,0.000000,-0.946194,0.000000,-0.323600,0.597133,0.002420,0.194289,0.000000
-0.323607,0.000000,0.946192,0.000000,1.000000,0.000000,-0.946192,0.000000,-0.323607,0.597156,0.002476,0.194283,0.000000
-0.323614,0.000000,0.946189,0.000000,1.000000,0.000000,-0.946189,0.000000,-0.323614,0.597179,0.002533,0.194277,0.000000
-0.323621,0.000000,0.946187,0.000000,1.000000,0.000000,-0.946187,0.000000,-0.323621,0.597202,0.002590,0.194271,0.000000
-0.323629,0.000000,0.946184,0.000000,1.000000,0.000000,-0.946184,0.000000,-0.323629,0.597225,0.002648,0.194265,0.000000
-0.323636,0.000000,0.946182,0.000000,1.000000,0.000000,-0.946182,0.000000,-0.323636,0.597249,0.002706,0.194258,0.000000
-0.323644,0.000000,0.946179,0.000000,1.000000,0.000000,-0.946179,0.000000,-0.323644,0.597273,0.002765,0.194252,0.000000
-0.323652,0.000000,0.946176,0.000000,1.000000,0.000000,-0.946176,0.000000,-0.323652,0.597297,0.002825,0.194245,0.000000
-0.323659,0.000000,0.946174,0.000000,1.000000,0.000000,-0.946174,0.000000,-0.323659,0.597322,0.002886,0.194238,0.000000
-0.323667,0.000000,0.946171,0.000000,1.000000,0.000000,-0.946171,0.000000,-0.323667,0.597346,0.002947,0.194232,0.000000
-0.323675,0.000000,0.946168,0.000000,1.000000,0.000000,-0.946168,0.000000,-0.323675,0.597371,0.003008,0.194225,0.000000
-0.323683,0.000000,0.946166,0.000000,1.000000,0.000000,-0.946166,0.000000,-0.323683,0.597396,0.003071,0.194218,0.000000
-0.323691,0.000000,0.946163,0.000000,1.000000,0.000000,-0.946163,0.000000,-0.323691,0.597422,0.003134,0.194211,0.000000
-0.323699,0.000000,0.946160,0.000000,1.000000,0.000000,-0.946160,0.000000,-0.323699,0.597447,0.003197,0.194204,0.000000
-0.323707,0.000000,0.946157,0.000000,1.000000,0.000000,-0.946157,0.000000,-0.323707,0.597473,0.003261,0.194197,0.000000
-0.323716,0.000000,0.946154,0.000000,1.000000,0.000000,-0.946154,0.000000,-0.323716,0.597499,0.003326,0.194190,0.000000
-0.323724,0.000000,0.946152,0.000000,1.000000,0.000000,-0.946152,0.000000,-0.323724,0.597526,0.003392,0.194183,0.000000
-0.323733,0.000000,0.946149,0.000000,1.000000,0.000000,-0.946149,0.000000,-0.323733,0.597553,0.003458,0.194176,0.000000
-0.323741,0.000000,0.946146,0.000000,1.000000,0.000000,-0.946146,0.000000,-0.323741,0.597579,0.003524,0.194168,0.000000
-0.323750,0.000000,0.946143,0.000000,1.000000,0.000000,-0.946143,0.000000,-0.323750,0.597607,0.003592,0.194161,0.000000
-0.323758,0.000000,0.946140,0.000000,1.000000,0.000000,-0.946140,0.000000,-0.323758,0.597634,0.003660,0.194154,0.000000
-0.323767,0.000000,0.946137,0.000000,1.000000,0.000000,-0.946137,0.000000,-0.323767,0.597662,0.003728,0.194146,0.000000
-0.323776,0.000000,0.946134,0.000000,1.000000,0.000000,-0.946134,0.000000,-0.323776,0.597690,0.003797,0.194139,0.000000
-0.323785,0.000000,0.946131,0.000000,1.000000,0.000000,-0.946131,0.000000,-0.323785,0.597718,0.003867,0.194131,0.000000
-0.323794,0.000000,0.946128,0.000000,1.000000,0.000000,-0.946128,0.000000,-0.323794,0.597746,0.003937,0.194123,0.000000
-0.323803,0.000000,0.946124,0.000000,1.000000,0.000000,-0.946124,0.000000,-0.323803,0.597775,0.004008,0.194115,0.000000
-0.323812,0.000000,0.946121,0.000000,1.000000,0.000000,-0.946121,0.000000,-0.323812,0.597804,0.004080,0.194108,0.000000
-0.323822,0.000000,0.946118,0.000000,1.000000,0.000000,-0.946118,0.000000,-0.323822,0.597833,0.004152,0.194100,0.000000
-0.323831,0.000000,0.946115,0.000000,1.000000,0.000000,-0.946115,0.000000,-0.323831,0.597862,0.004225,0.194092,0.000000
-0.323840,0.000000,0.946112,0.000000,1.000000,0.000000,-0.946112,0.000000,-0.323840,0.597892,0.004299,0.194084,0.000000
-0.323850,0.000000,0.946109,0.000000,1.000000,0.000000,-0.946109,0.000000,-0.323850,0.597922,0.004373,0.194076,0.000000
-0.323859,0.000000,0.946105,0.000000,1.000000,0.000000,-0.946105,0.000000,-0.323859,0.597952,0.004447,0.194067,0.000000
-0.323869,0.000000,0.946102,0.000000,1.000000,0.000000,-0.946102,0.000000,-0.323869,0.597983,0.004523,0.194059,0.000000
-0.323879,0.000000,0.946099,0.000000,1.000000,0.000000,-0.946099,0.000000,-0.323879,0.598013,0.004599,0.194051,0.000000
-0.323889,0.000000,0.946095,0.000000,1.000000,0.000000,-0.946095,0.000000,-0.323889,0.598044,0.004675,0.194042,0.000000
-0.323898,0.000000,0.946092,0.000000,1.000000,0.000000,-0.946092,0.000000,-0.323898,0.598075,0.004752,0.194034,0.000000
-0.323908,0.000000,0.946088,0.000000,1.000000,0.000000,-0.946088,0.000000,-0.323908,0.598107,0.004830,0.194025,0.000000
-0.323918,0.000000,0.946085,0.000000,1.000000,0.000000,-0.946085,0.000000,-0.323918,0.598138,0.004908,0.194017,0.000000
-0.323929,0.000000,0.946082,0.000000,1.000000,0.000000,-0.946082,0.000000,-0.323929,0.598170,0.004987,0.194008,0.000000
-0.323939,0.000000,0.946078,0.000000,1.000000,0.000000,-0.946078,0.000000,-0.323939,0.598202,0.005067,0.193999,0.000000
-0.323949,0.000000,0.946075,0.000000,1.000000,0.000000,-0.946075,0.000000,-0.323949,0.598235,0.005147,0.193991,0.000000
-0.323959,0.000000,0.946071,0.000000,1.000000,0.000000,-0.946071,0.000000,-0.323959,0.598267,0.005228,0.193982,0.000000
-0.323970,0.000000,0.946067,0.000000,1.000000,0.000000,-0.946067,0.000000,-0.323970,0.598300,0.005309,0.193973,0.000000
-0.323980,0.000000,0.946064,0.000000,1.000000,0.000000,-0.946064,0.000000,-0.323980,0.598334,0.005392,0.193964,0.000000
-0.323991,0.000000,0.946060,0.000000,1.000000,0.000000,-0.946060,0.000000,-0.323991,0.598367,0.005474,0.193955,0.000000
-0.324002,0.000000,0.946057,0.000000,1.000000,0.000000,-0.946057,0.000000,-0.324002,0.598401,0.005557,0.193946,0.000000
-0.324012,0.000000,0.946053,0.000000,1.000000,0.000000,-0.946053,0.000000,-0.324012,0.598434,0.005641,0.193937,0.000000
-0.324023,0.000000,0.946049,0.000000,1.000000,0.000000,-0.946049,0.000000,-0.324023,0.598469,0.005726,0.193927,0.000000
-0.324034,0.000000,0.946045,0.000000,1.000000,0.000000,-0.946045,0.000000,-0.324034,0.598503,0.005811,0.193918,0.000000
-0.324045,0.000000,0.946042,0.000000,1.000000,0.000000,-0.946042,0.000000,-0.324045,0.598537,0.005897,0.193909,0.000000
-0.324056,0.000000,0.946038,0.000000,1.000000,0.000000,-0.946038,0.000000,-0.324056,0.598572,0.005983,0.193899,0.000000
-0.324067,0.000000,0.946034,0.000000,1.000000,0.000000,-0.946034,0.000000,-0.324067,0.598607,0.006070,0.193890,0.000000
-0.324078,0.000000,0.946030,0.000000,1.000000,0.000000,-0.946030,0.000000,-0.324078,0.598643,0.006157,0.193880,0.000000
-0.324090,0.000000,0.946026,0.000000,1.000000,0.000000,-0.946026,0.000000,-0.324090,0.598678,0.006245,0.193870,0.000000
-0.324101,0.000000,0.946022,0.000000,1.000000,0.000000,-0.946022,0.000000,-0.324101,0.598714,0.006334,0.193861,0.000000
-0.324113,0.000000,0.946019,0.000000,1.000000,0.000000,-0.946019,0.000000,-0.324113,0.598750,0.006424,0.193851,0.000000
-0.324124,0.000000,0.946015,0.000000,1.000000,0.000000,-0.946015,0.000000,-0.324124,0.598787,0.006514,0.193841,0.000000
-0.324136,0.000000,0.946011,0.000000,1.000000,0.000000,-0.946011,0.000000,-0.324136,0.598823,0.006604,0.193831,0.000000
-0.324147,0.000000,0.946007,0.000000,1.000000,0.000000,-0.946007,0.000000,-0.324147,0.598860,0.006695,0.193821,0.000000
-0.324159,0.000000,0.946003,0.000000,1.000000,0.000000,-0.946003,0.000000,-0.324159,0.598897,0.006787,0.193811,0.000000
-0.324171,0.000000,0.945999,0.000000,1.000000,0.000000,-0.945999,0.000000,-0.324171,0.598934,0.006879,0.193801,0.000000
-0.324183,0.000000,0.945994,0.000000,1.000000,0.000000,-0.945994,0.000000,-0.324183,0.598972,0.006972,0.193791,0.000000
-0.324195,0.000000,0.945990,0.000000,1.000000,0.000000,-0.945990,0.000000,-0.324195,0.599010,0.007066,0.193780,0.000000
-0.324207,0.000000,0.945986,0.000000,1.000000,0.000000,-0.945986,0.000000,-0.324207,0.599048,0.007160,0.193770,0.000000
-0.324219,0.000000,0.945982,0.000000,1.000000,0.000000,-0.945982,0.000000,-0.324219,0.599086,0.007255,0.193760,0.000000
-0.324231,0.000000,0.945978,0.000000,1.000000,0.000000,-0.945978,0.000000,-0.324231,0.599124,0.007350,0.193749,0.000000
-0.324244,0.000000,0.945974,0.000000,1.000000,0.000000,-0.945974,0.000000,-0.324244,0.599163,0.007446,0.193739,0.000000
-0.324256,0.000000,0.945969,0.000000,1.000000,0.000000,-0.945969,0.000000,-0.324256,0.599202,0.007543,0.193728,0.000000
-0.324268,0.000000,0.945965,0.000000,1.000000,0.000000,-0.945965,0.000000,-0.324268,0.599241,0.007640,0.193718,0.000000
-0.324281,0.000000,0.945961,0.000000,1.000000,0.000000,-0.945961,0.000000,-0.324281,0.599281,0.007738,0.193707,0.000000
-0.324293,0.000000,0.945957,0.000000,1.000000,0.000000,-0.945957,0.000000,-0.324293,0.599321,0.007836,0.193696,0.000000
-0.324306,0.000000,0.945952,0.000000,1.000000,0.000000,-0.945952,0.000000,-0.324306,0.599361,0.007935,0.193685,0.000000
-0.324319,0.000000,0.945948,0.000000,1.000000,0.000000,-0.945948,0.000000,-0.324319,0.599401,0.008034,0.193674,0.000000
-0.324332,0.000000,0.945943,0.000000,1.000000,0.000000,-0.945943,0.000000,-0.324332,0.599441,0.008135,0.193663,0.000000
-0.324345,0.000000,0.945939,0.000000,1.000000,0.000000,-0.945939,0.000000,-0.324345,0.599482,0.008235,0.193652,0.000000
-0.324358,0.000000,0.945935,0.000000,1.000000,0.000000,-0.945935,0.000000,-0.324358,0.599523,0.008337,0.193641,0.000000
-0.324371,0.000000,0.945930,0.000000,1.000000,0.000000,-0.945930,0.000000,-0.324371,0.599564,0.008439,0.193630,0.000000
-0.324384,0.000000,0.945926,0.000000,1.000000,0.000000,-0.945926,0.000000,-0.324384,0.599605,0.008541,0.193619,0.000000
-0.324397,0.000000,0.945921,0.000000,1.000000,0.000000,-0.945921,0.000000,-0.324397,0.599647,0.008644,0.193608,0.000000
-0.324410,0.000000,0.945916,0.000000,1.000000,0.000000,-0.945916,0.000000,-0.324410,0.599689,0.008748,0.193596,0.000000
-0.324424,0.000000,0.945912,0.000000,1.000000,0.000000,-0.945912,0.000000,-0.324424,0.599731,0.008852,0.193585,0.000000
-0.324437,0.000000,0.945907,0.000000,1.000000,0.000000,-0.945907,0.000000,-0.324437,0.599773,0.008957,0.193573,0.000000
-0.324451,0.000000,0.945903,0.000000,1.000000,0.000000,-0.945903,0.000000,-0.324451,0.599816,0.009063,0.193562,0.000000
-0.324464,0.000000,0.945898,0.000000,1.000000,0.000000,-0.945898,0.000000,-0.324464,0.599859,0.009169,0.193550,0.000000
-0.324478,0.000000,0.945893,0.000000,1.000000,0.000000,-0.945893,0.000000,-0.324478,0.599902,0.009275,0.193538,0.000000
-0.324492,0.000000,0.945889,0.000000,1.000000,0.000000,-0.945889,0.000000,-0.324492,0.599945,0.009383,0.193527,0.000000
-0.324505,0.000000,0.945884,0.000000,1.000000,0.000000,-0.945884,0.000000,-0.324505,0.599989,0.009491,0.193515,0.000000
-0.324519,0.000000,0.945879,0.000000,1.000000,0.000000,-0.945879,0.000000,-0.324519,0.600033,0.009599,0.193503,0.000000
-0.324533,0.000000,0.945874,0.000000,1.000000,0.000000,-0.945874,0.000000,-0.324533,0.600077,0.009708,0.193491,0.000000
-0.324547,0.000000,0.945869,0.000000,1.000000,0.000000,-0.945869,0.000000,-0.324547,0.600121,0.009818,0.193479,0.000000
-0.324561,0.000000,0.945865,0.000000,1.000000,0.000000,-0.945865,0.000000,-0.324561,0.600166,0.009928,0.193467,0.000000
-0.324576,0.000000,0.945860,0.000000,1.000000,0.000000,-0.945860,0.000000,-0.324576,0.600210,0.010039,0.193455,0.000000
-0.324590,0.000000,0.945855,0.000000,1.000000,0.000000,-0.945855,0.000000,-0.324590,0.600255,0.010150,0.193443,0.000000
-0.324604,0.000000,0.945850,0.000000,1.000000,0.000000,-0.945850,0.000000,-0.324604,0.600300,0.010262,0.193430,0.000000
-0.324619,0.000000,0.945845,0.000000,1.000000,0.000000,-0.945845,0.000000,-0.324619,0.600346,0.010375,0.193418,0.000000
-0.324633,0.000000,0.945840,0.000000,1.000000,0.000000,-0.945840,0.000000,-0.324633,0.600392,0.010488,0.193406,0.000000
-0.324648,0.000000,0.945835,0.000000,1.000000,0.000000,-0.945835,0.000000,-0.324648,0.600438,0.010602,0.193393,0.000000
-0.324662,0.000000,0.945830,0.000000,1.000000,0.000000,-0.945830,0.000000,-0.324662,0.600484,0.010716,0.193381,0.000000
-0.324677,0.000000,0.945825,0.000000,1.000000,0.000000,-0.945825,0.000000,-0.324677,0.600530,0.010831,0.193368,0.000000
-0.324692,0.000000,0.945820,0.000000,1.000000,0.000000,-0.945820,0.000000,-0.324692,0.600577,0.010946,0.193355,0.000000
-0.324707,0.000000,0.945815,0.000000,1.000000,0.000000,-0.945815,0.000000,-0.324707,0.600624,0.011063,0.193343,0.000000
-0.324722,0.000000,0.945810,0.000000,1.000000,0.000000,-0.945810,0.000000,-0.324722,0.600671,0.011179,0.193330,0.000000
-0.324737,0.000000,0.945804,0.000000,1.000000,0.000000,-0.945804,0.000000,-0.324737,0.600718,0.011297,0.193317,0.000000
-0.324752,0.000000,0.945799,0.000000,1.000000,0.000000,-0.945799,0.000000,-0.324752,0.600766,0.011414,0.193304,0.000000
-0.324767,0.000000,0.945794,0.000000,1.000000,0.000000,-0.945794,0.000000,-0.324767,0.600814,0.011533,0.193291,0.000000
-0.324782,0.000000,0.945789,0.000000,1.000000,0.000000,-0.945789,0.000000,-0.324782,0.600862,0.011652,0.193278,0.000000
-0.324797,0.000000,0.945784,0.000000,1.000000,0.000000,-0.945784,0.000000,-0.324797,0.600910,0.011771,0.193265,0.000000
-0.324813,0.000000,0.945778,0.000000,1.000000,0.000000,-0.945778,0.000000,-0.324813,0.600959,0.011892,0.193252,0.000000
-0.324828,0.000000,0.945773,0.000000,1.000000,0.000000,-0.945773,0.000000,-0.324828,0.601007,0.012012,0.193239,0.000000
-0.324844,0.000000,0.945768,0.000000,1.000000,0.000000,-0.945768,0.000000,-0.324844,0.601056,0.012134,0.193225,0.000000
-0.324859,0.000000,0.945762,0.000000,1.000000,0.000000,-0.945762,0.000000,-0.324859,0.601106,0.012256,0.193212,0.000000
-0.324875,0.000000,0.945757,0.000000,1.000000,0.000000,-0.945757,0.000000,-0.324875,0.601155,0.012378,0.193199,0.000000
-0.324891,0.000000,0.945751,0.000000,1.000000,0.000000,-0.945751,0.000000,-0.324891,0.601205,0.012501,0.193185,0.000000
-0.324907,0.000000,0.945746,0.000000,1.000000,0.000000,-0.945746,0.000000,-0.324907,0.601255,0.012625,0.193171,0.000000
-0.324923,0.000000,0.945741,0.000000,1.000000,0.000000,-0.945741,0.000000,-0.324923,0.601305,0.012749,0.193158,0.000000
-0.324939,0.000000,0.945735,0.000000,1.000000,0.000000,-0.945735,0.000000,-0.324939,0.601355,0.012874,0.193144,0.000000
-0.324955,0.000000,0.945730,0.000000,1.000000,0.000000,-0.945730,0.000000,-0.324955,0.601406,0.012999,0.193130,0.000000
-0.324971,0.000000,0.945724,0.000000,1.000000,0.000000,-0.945724,0.000000,-0.324971,0.601457,0.013125,0.193117,0.000000
-0.324987,0.000000,0.945718,0.000000,1.000000,0.000000,-0.945718,0.000000,-0.324987,0.601508,0.013252,0.193103,0.000000
-0.325003,0.000000,0.945713,0.000000,1.000000,0.000000,-0.945713,0.000000,-0.325003,0.601559,0.013379,0.193089,0.000000
-0.325020,0.000000,0.945707,0.000000,1.000000,0.000000,-0.945707,0.000000,-0.325020,0.601611,0.013507,0.193075,0.000000
-0.325036,0.000000,0.945702,0.000000,1.000000,0.000000,-0.945702,0.000000,-0.325036,0.601663,0.013635,0.193061,0.000000
-0.325053,0.000000,0.945696,0.000000,1.000000,0.000000,-0.945696,0.000000,-0.325053,0.601715,0.013764,0.193047,0.000000
-0.325069,0.000000,0.945690,0.000000,1.000000,0.000000,-0.945690,0.000000,-0.325069,0.601767,0.013893,0.193033,0.000000
-0.325086,0.000000,0.945685,0.000000,1.000000,0.000000,-0.945685,0.000000,-0.325086,0.601819,0.014023,0.193018,0.000000
-0.325103,0.000000,0.945679,0.000000,1.000000,0.000000,-0.945679,0.000000,-0.325103,0.601872,0.014154,0.193004,0.000000
-0.325119,0.000000,0.945673,0.000000,1.000000,0.000000,-0.945673,0.000000,-0.325119,0.601925,0.014285,0.192990,0.000000
-0.325136,0.000000,0.945667,0.000000,1.000000,0.000000,-0.945667,0.000000,-0.325136,0.601978,0.014417,0.192975,0.000000
-0.325153,0.000000,0.945661,0.000000,1.000000,0.000000,-0.945661,0.000000,-0.325153,0.602032,0.014549,0.192961,0.000000
-0.325170,0.000000,0.945656,0.000000,1.000000,0.000000,-0.945656,0.000000,-0.325170,0.602085,0.014682,0.192946,0.000000
-0.325187,0.000000,0.945650,0.000000,1.000000,0.000000,-0.945650,0.000000,-0.325187,0.602139,0.014815,0.192932,0.000000
-0.325204,0.000000,0.945644,0.000000,1.000000,0.000000,-0.945644,0.000000,-0.325204,0.602193,0.014949,0.192917,0.000000
-0.325222,0.000000,0.945638,0.000000,1.000000,0.000000,-0.945638,0.000000,-0.325222,0.602248,0.015084,0.192902,0.000000
-0.325239,0.000000,0.945632,0.000000,1.000000,0.000000,-0.945632,0.000000,-0.325239,0.602302,0.015219,0.192887,0.000000
-0.325256,0.000000,0.945626,0.000000,1.000000,0.000000,-0.945626,0.000000,-0.325256,0.602357,0.015355,0.192872,0.000000
-0.325274,0.000000,0.945620,0.000000,1.000000,0.000000,-0.945620,0.000000,-0.325274,0.602412,0.015491,0.192857,0.000000
-0.325291,0.000000,0.945614,0.000000,1.000000,0.000000,-0.945614,0.000000,-0.325291,0.602467,0.015628,0.192842,0.000000
-0.325309,0.000000,0.945608,0.000000,1.000000,0.000000,-0.945608,0.000000,-0.325309,0.602523,0.015765,0.192827,0.000000
-0.325327,0.000000,0.945602,0.000000,1.000000,0.000000,-0.945602,0.000000,-0.325327,0.602579,0.015903,0.192812,0.000000
-0.325344,0.000000,0.945596,0.000000,1.000000,0.000000,-0.945596,0.000000,-0.325344,0.602634,0.016042,0.192797,0.000000
-0.325362,0.000000,0.945589,0.000000,1.000000,0.000000,-0.945589,0.000000,-0.325362,0.602691,0.016181,0.192782,0.000000
-0.325380,0.000000,0.945583,0.000000,1.000000,0.000000,-0.945583,0.000000,-0.325380,0.602747,0.016320,0.192767,0.000000
-0.325398,0.000000,0.945577,0.000000,1.000000,0.000000,-0.945577,0.000000,-0.325398,0.602804,0.016461,0.192751,0.000000
-0.325416,0.000000,0.945571,0.000000,1.000000,0.000000,-0.945571,0.000000,-0.325416,0.602861,0.016602,0.192736,0.000000
-0.325434,0.000000,0.945565,0.000000,1.000000,0.000000,-0.945565,0.000000,-0.325434,0.602918,0.016743,0.192720,0.000000
-0.325452,0.000000,0.945558,0.000000,1.000000,0.000000,-0.945558,0.000000,-0.325452,0.602975,0.016885,0.192705,0.000000
-0.325471,0.000000,0.945552,0.000000,1.000000,0.000000,-0.945552,0.000000,-0.325471,0.603033,0.017027,0.192689,0.000000
-0.325489,0.000000,0.945546,0.000000,1.000000,0.000000,-0.945546,0.000000,-0.325489,0.603090,0.017170,0.192673,0.000000
-0.325507,0.000000,0.945540,0.000000,1.000000,0.000000,-0.945540,0.000000,-0.325507,0.603148,0.017314,0.192658,0.000000
-0.325526,0.000000,0.945533,0.000000,1.000000,0.000000,-0.945533,0.000000,-0.325526,0.603207,0.017458,0.192642,0.000000
-0.325544,0.000000,0.945527,0.000000,1.000000,0.000000,-0.945527,0.000000,-0.325544,0.603265,0.017603,0.192626,0.000000
-0.325563,0.000000,0.945520,0.000000,1.000000,0.000000,-0.945520,0.000000,-0.325563,0.603324,0.017748,0.192610,0.000000
-0.325581,0.000000,0.945514,0.000000,1.000000,0.000000,-0.945514,0.000000,-0.325581,0.603383,0.017894,0.192594,0.000000
-0.325600,0.000000,0.945508,0.000000,1.000000,0.000000,-0.945508,0.000000,-0.325600,0.603442,0.018041,0.192578,0.000000
-0.325619,0.000000,0.945501,0.000000,1.000000,0.000000,-0.945501,0.000000,-0.325619,0.603501,0.018188,0.192562,0.000000
-0.325638,0.000000,0.945495,0.000000,1.000000,0.000000,-0.945495,0.000000,-0.325638,0.603561,0.018335,0.192546,0.000000
-0.325657,0.000000,0.945488,0.000000,1.000000,0.000000,-0.945488,0.000000,-0.325657,0.603621,0.018483,0.192530,0.000000
-0.325676,0.000000,0.945481,0.000000,1.000000,0.000000,-0.945481,0.000000,-0.325676,0.603681,0.018632,0.192513,0.000000
-0.325695,0.000000,0.945475,0.000000,1.000000,0.000000,-0.945475,0.000000,-0.325695,0.603741,0.018781,0.192497,0.000000
-0.325714,0.000000,0.945468,0.000000,1.000000,0.000000,-0.945468,0.000000,-0.325714,0.603801,0.018931,0.192481,0.000000
-0.325733,0.000000,0.945462,0.000000,1.000000,0.000000,-0.945462,0.000000,-0.325733,0.603862,0.019082,0.192464,0.000000
-0.325753,0.000000,0.945455,0.000000,1.000000,0.000000,-0.945455,0.000000,-0.325753,0.603923,0.019233,0.192448,0.000000
-0.325772,0.000000,0.945448,0.000000,1.000000,0.000000,-0.945448,0.000000,-0.325772,0.603984,0.019384,0.192431,0.000000
-0.325792,0.000000,0.945442,0.000000,1.000000,0.000000,-0.945442,0.000000,-0.325792,0.604046,0.019536,0.192414,0.000000
-0.325811,0.000000,0.945435,0.000000,1.000000,0.000000,-0.945435,0.000000,-0.325811,0.604107,0.019689,0.192398,0.000000
-0.325831,0.000000,0.945428,0.000000,1.000000,0.000000,-0.945428,0.000000,-0.325831,0.604169,0.019842,0.192381,0.000000
-0.325850,0.000000,0.945421,0.000000,1.000000,0.000000,-0.945421,0.000000,-0.325850,0.604231,0.019996,0.192364,0.000000
-0.325870,0.000000,0.945415,0.000000,1.000000,0.000000,-0.945415,0.000000,-0.325870,0.604294,0.020150,0.192347,0.000000
-0.325890,0.000000,0.945408,0.000000,1.000000,0.000000,-0.945408,0.000000,-0.325890,0.604356,0.020305,0.192330,0.000000
-0.325910,0.000000,0.945401,0.000000,1.000000,0.000000,-0.945401,0.000000,-0.325910,0.604419,0.020460,0.192313,0.000000
-0.325930,0.000000,0.945394,0.000000,1.000000,0.000000,-0.945394,0.000000,-0.325930,0.604482,0.020616,0.192296,0.000000
-0.325950,0.000000,0.945387,0.000000,1.000000,0.000000,-0.945387,0.000000,-0.325950,0.604545,0.020772,0.192279,0.000000
-0.325970,0.000000,0.945380,0.000000,1.000000,0.000000,-0.945380,0.000000,-0.325970,0.604608,0.020929,0.192262,0.000000
-0.325990,0.000000,0.945373,0.000000,1.000000,0.000000,-0.945373,0.000000,-0.325990,0.604672,0.021087,0.192244,0.000000
-0.326010,0.000000,0.945366,0.000000,1.000000,0.000000,-0.945366,0.000000,-0.326010,0.604736,0.021245,0.192227,0.000000
-0.326031,0.000000,0.945359,0.000000,1.000000,0.000000,-0.945359,0.000000,-0.326031,0.604800,0.021404,0.192210,0.000000
-0.326051,0.000000,0.945352,0.000000,1.000000,0.000000,-0.945352,0.000000,-0.326051,0.604864,0.021563,0.192192,0.000000
-0.326072,0.000000,0.945345,0.000000,1.000000,0.000000,-0.945345,0.000000,-0.326072,0.604929,0.021723,0.192175,0.000000
-0.326092,0.000000,0.945338,0.000000,1.000000,0.000000,-0.945338,0.000000,-0.326092,0.604994,0.021883,0.192157,0.000000
-0.326113,0.000000,0.945331,0.000000,1.000000,0.000000,-0.945331,0.000000,-0.326113,0.605059,0.022044,0.192140,0.000000
-0.326133,0.000000,0.945324,0.000000,1.000000,0.000000,-0.945324,0.000000,-0.326133,0.605124,0.022206,0.192122,0.000000
-0.326154,0.000000,0.945317,0.000000,1.000000,0.000000,-0.945317,0.000000,-0.326154,0.605189,0.022368,0.192104,0.000000
-0.326175,0.000000,0.945309,0.000000,1.000000,0.000000,-0.945309,0.000000,-0.326175,0.605255,0.022530,0.192086,0.000000
-0.326196,0.000000,0.945302,0.000000,1.000000,0.000000,-0.945302,0.000000,-0.326196,0.605321,0.022693,0.192068,0.000000
-0.326217,0.000000,0.945295,0.000000,1.000000,0.000000,-0.945295,0.000000,-0.326217,0.605387,0.022857,0.192051,0.000000
-0.326238,0.000000,0.945288,0.000000,1.000000,0.000000,-0.945288,0.000000,-0.326238,0.605453,0.023021,0.192033,0.000000
-0.326259,0.000000,0.945280,0.000000,1.000000,0.000000,-0.945280,0.000000,-0.326259,0.605520,0.023186,0.192014,0.000000
-0.326280,0.000000,0.945273,0.000000,1.000000,0.000000,-0.945273,0.000000,-0.326280,0.605586,0.023351,0.191996,0.000000
-0.326301,0.000000,0.945266,0.000000,1.000000,0.000000,-0.945266,0.000000,-0.326301,0.605653,0.023517,0.191978,0.000000
-0.326323,0.000000,0.945258,0.000000,1.000000,0.000000,-0.945258,0.000000,-0.326323,0.605720,0.023683,0.191960,0.000000
-0.326344,0.000000,0.945251,0.000000,1.000000,0.000000,-0.945251,0.000000,-0.326344,0.605788,0.023850,0.191942,0.000000
-0.326365,0.000000,0.945244,0.000000,1.000000,0.000000,-0.945244,0.000000,-0.326365,0.605855,0.024017,0.191923,0.000000
-0.326387,0.000000,0.945236,0.000000,1.000000,0.000000,-0.945236,0.000000,-0.326387,0.605923,0.024185,0.191905,0.000000
-0.326408,0.000000,0.945229,0.000000,1.000000,0.000000,-0.945229,0.000000,-0.326408,0.605991,0.024354,0.191886,0.000000
-0.326430,0.000000,0.945221,0.000000,1.000000,0.000000,-0.945221,0.000000,-0.326430,0.606060,0.024523,0.191868,0.000000
-0.326452,0.000000,0.945214,0.000000,1.000000,0.000000,-0.945214,0.000000,-0.326452,0.606128,0.024693,0.191849,0.000000
-0.326474,0.000000,0.945206,0.000000,1.000000,0.000000,-0.945206,0.000000,-0.326474,0.606197,0.024863,0.191831,0.000000
-0.326495,0.000000,0.945199,0.000000,1.000000,0.000000,-0.945199,0.000000,-0.326495,0.606266,0.025034,0.191812,0.000000
-0.326517,0.000000,0.945191,0.000000,1.000000,0.000000,-0.945191,0.000000,-0.326517,0.606335,0.025205,0.191793,0.000000
-0.326539,0.000000,0.945184,0.000000,1.000000,0.000000,-0.945184,0.000000,-0.326539,0.606404,0.025377,0.191774,0.000000
-0.326561,0.000000,0.945176,0.000000,1.000000,0.000000,-0.945176,0.000000,-0.326561,0.606474,0.025549,0.191756,0.000000
-0.326583,0.000000,0.945168,0.000000,1.000000,0.000000,-0.945168,0.000000,-0.326583,0.606544,0.025722,0.191737,0.000000
-0.326606,0.000000,0.945161,0.000000,1.000000,0.000000,-0.945161,0.000000,-0.326606,0.606614,0.025895,0.191718,0.000000
-0.326628,0.000000,0.945153,0.000000,1.000000,0.000000,-0.945153,0.000000,-0.326628,0.606684,0.026069,0.191699,0.000000
-0.326650,0.000000,0.945145,0.000000,1.000000,0.000000,-0.945145,0.000000,-0.326650,0.606754,0.026244,0.191679,0.000000
-0.326673,0.000000,0.945138,0.000000,1.000000,0.000000,-0.945138,0.000000,-0.326673,0.606825,0.026419,0.191660,0.000000
-0.326695,0.000000,0.945130,0.000000,1.000000,0.000000,-0.945130,0.000000,-0.326695,0.606896,0.026594,0.191641,0.000000
-0.326718,0.000000,0.945122,0.000000,1.000000,0.000000,-0.945122,0.000000,-0.326718,0.606967,0.026770,0.191622,0.000000
-0.326740,0.000000,0.945114,0.000000,1.000000,0.000000,-0.945114,0.000000,-0.326740,0.607039,0.026947,0.191602,0.000000
-0.326763,0.000000,0.945106,0.000000,1.000000,0.000000,-0.945106,0.000000,-0.326763,0.607110,0.027124,0.191583,0.000000
-0.326786,0.000000,0.945098,0.000000,1.000000,0.000000,-0.945098,0.000000,-0.326786,0.607182,0.027302,0.191564,0.000000
-0.326808,0.000000,0.945091,0.000000,1.000000,0.000000,-0.945091,0.000000,-0.326808,0.607254,0.027480,0.191544,0.000000
-0.326831,0.000000,0.945083,0.000000,1.000000,0.000000,-0.945083,0.000000,-0.326831,0.607326,0.027659,0.191524,0.000000
-0.326854,0.000000,0.945075,0.000000,1.000000,0.000000,-0.945075,0.000000,-0.326854,0.607398,0.027838,0.191505,0.000000
-0.326877,0.000000,0.945067,0.000000,1.000000,0.000000,-0.945067,0.000000,-0.326877,0.607471,0.028018,0.191485,0.000000
-0.326900,0.000000,0.945059,0.000000,1.000000,0.000000,-0.945059,0.000000,-0.326900,0.607544,0.028198,0.191465,0.000000
-0.326924,0.000000,0.945051,0.000000,1.000000,0.000000,-0.945051,0.000000,-0.326924,0.607617,0.028379,0.191445,0.000000
-0.326947,0.000000,0.945043,0.000000,1.000000,0.000000,-0.945043,0.000000,-0.326947,0.607690,0.028561,0.191426,0.000000
-0.326970,0.000000,0.945035,0.000000,1.000000,0.000000,-0.945035,0.000000,-0.326970,0.607764,0.028743,0.191406,0.000000
-0.326993,0.000000,0.945027,0.000000,1.000000,0.000000,-0.945027,0.000000,-0.326993,0.607837,0.028925,0.191386,0.000000
-0.327017,0.000000,0.945019,0.000000,1.000000,0.000000,-0.945019,0.000000,-0.327017,0.607911,0.029108,0.191366,0.000000
-0.327040,0.000000,0.945010,0.000000,1.000000,0.000000,-0.945010,0.000000,-0.327040,0.607986,0.029292,0.191346,0.000000
-0.327064,0.000000,0.945002,0.000000,1.000000,0.000000,-0.945002,0.000000,-0.327064,0.608060,0.029476,0.191325,0.000000
-0.327087,0.000000,0.944994,0.000000,1.000000,0.000000,-0.944994,0.000000,-0.327087,0.608134,0.029661,0.191305,0.000000
-0.327111,0.000000,0.944986,0.000000,1.000000,0.000000,-0.944986,0.000000,-0.327111,0.608209,0.029846,0.191285,0.000000
-0.327135,0.000000,0.944978,0.000000,1.000000,0.000000,-0.944978,0.000000,-0.327135,0.608284,0.030031,0.191264,0.000000
-0.327159,0.000000,0.944969,0.000000,1.000000,0.000000,-0.944969,0.000000,-0.327159,0.608359,0.030218,0.191244,0.000000
-0.327183,0.000000,0.944961,0.000000,1.000000,0.000000,-0.944961,0.000000,-0.327183,0.608435,0.030404,0.191224,0.000000
-0.327207,0.000000,0.944953,0.000000,1.000000,0.000000,-0.944953,0.000000,-0.327207,0.608510,0.030592,0.191203,0.000000
-0.327231,0.000000,0.944944,0.000000,1.000000,0.000000,-0.944944,0.000000,-0.327231,0.608586,0.030779,0.191183,0.000000
-0.327255,0.000000,0.944936,0.000000,1.000000,0.000000,-0.944936,0.000000,-0.327255,0.608662,0.030968,0.191162,0.000000
-0.327279,0.000000,0.944928,0.000000,1.000000,0.000000,-0.944928,0.000000,-0.327279,0.608739,0.031157,0.191141,0.000000
-0.327303,0.000000,0.944919,0.000000,1.000000,0.000000,-0.944919,0.000000,-0.327303,0.608815,0.031346,0.191120,0.000000
-0.327327,0.000000,0.944911,0.000000,1.000000,0.000000,-0.944911,0.000000,-0.327327,0.608892,0.031536,0.191100,0.000000
-0.327352,0.000000,0.944903,0.000000,1.000000,0.000000,-0.944903,0.000000,-0.327352,0.608969,0.031726,0.191079,0.000000
-0.327376,0.000000,0.944894,0.000000,1.000000,0.000000,-0.944894,0.000000,-0.327376,0.609046,0.031917,0.191058,0.000000
-0.327401,0.000000,0.944886,0.000000,1.000000,0.000000,-0.944886,0.000000,-0.327401,0.609123,0.032109,0.191037,0.000000
-0.327425,0.000000,0.944877,0.000000,1.000000,0.000000,-0.944877,0.000000,-0.327425,0.609201,0.032301,0.191016,0.000000
-0.327450,0.000000,0.944869,0.000000,1.000000,0.000000,-0.944869,0.000000,-0.327450,0.609278,0.032493,0.190995,0.000000
-0.327475,0.000000,0.944860,0.000000,1.000000,0.000000,-0.944860,0.000000,-0.327475,0.609356,0.032686,0.190974,0.000000
-0.327499,0.000000,0.944851,0.000000,1.000000,0.000000,-0.944851,0.000000,-0.327499,0.609435,0.032880,0.190952,0.000000
-0.327524,0.000000,0.944843,0.000000,1.000000,0.000000,-0.944843,0.000000,-0.327524,0.609513,0.033074,0.190931,0.000000
-0.327549,0.000000,0.944834,0.000000,1.000000,0.000000,-0.944834,0.000000,-0.327549,0.609592,0.033269,0.190910,0.000000
-0.327574,0.000000,0.944825,0.000000,1.000000,0.000000,-0.944825,0.000000,-0.327574,0.609670,0.033464,0.190888,0.000000
